name: tf_gpu
channels:
- anaconda-fusion
- defaults
dependencies:
- bleach=1.5.0=py35_0
- colorama=0.3.9=py35_0
- cycler=0.10.0=py35_0
- decorator=4.1.2=py35_0
- entrypoints=0.2.3=py35_0
- h5py=2.7.0=np113py35_0
- hdf5=1.8.15.1=vc14_4
- html5lib=0.9999999=py35_0
- icu=57.1=vc14_0
- ipykernel=4.6.1=py35_0
- ipython=6.1.0=py35_0
- ipython_genutils=0.2.0=py35_0
- ipywidgets=6.0.0=py35_0
- jedi=0.10.2=py35_2
- jinja2=2.9.6=py35_0
- jpeg=9b=vc14_0
- jsonschema=2.6.0=py35_0
- jupyter=1.0.0=py35_3
- jupyter_client=5.1.0=py35_0
- jupyter_console=5.1.0=py35_0
- jupyter_core=4.3.0=py35_0
- libpng=1.6.27=vc14_0
- markupsafe=0.23=py35_2
- matplotlib=2.0.2=np113py35_0
- mistune=0.7.4=py35_0
- mkl=2017.0.3=0
- nbconvert=5.2.1=py35_0
- nbformat=4.3.0=py35_0
- notebook=5.0.0=py35_0
- numpy=1.13.1=py35_0
- openssl=1.0.2l=vc14_0
- pandas=0.20.3=py35_0
- pandocfilters=1.4.1=py35_0
- path.py=10.3.1=py35_0
- patsy=0.4.1=py35_0
- pickleshare=0.7.4=py35_0
- pip=9.0.1=py35_1
- prompt_toolkit=1.0.14=py35_0
- pygments=2.2.0=py35_0
- pyparsing=2.2.0=py35_0
- pyqt=5.6.0=py35_2
- python=3.5.3=3
- python-dateutil=2.6.1=py35_0
- pytz=2017.2=py35_0
- pyzmq=16.0.2=py35_0
- qt=5.6.2=vc14_6
- qtconsole=4.3.0=py35_0
- scikit-learn=0.18.2=np113py35_0
- scipy=0.19.1=np113py35_0
- seaborn=0.8=py35_0
- setuptools=27.2.0=py35_1
- simplegeneric=0.8.1=py35_1
- sip=4.18=py35_0
- six=1.10.0=py35_1
- statsmodels=0.8.0=np113py35_0
- testpath=0.3.1=py35_0
- tk=8.5.18=vc14_0
- tornado=4.5.1=py35_0
- traitlets=4.3.2=py35_0
- vs2015_runtime=14.0.25420=0
- wcwidth=0.1.7=py35_0
- wheel=0.29.0=py35_0
- widgetsnbextension=2.0.0=py35_0
- win_unicode_console=0.5=py35_0
- zlib=1.2.8=vc14_3
- pip:
  - backports.weakref==1.0rc1
  - future==0.16.0
  - hyperopt==0.1
  - ipython-genutils==0.2.0
  - jupyter-client==5.1.0
  - jupyter-console==5.1.0
  - jupyter-core==4.3.0
  - keras==2.0.6
  - markdown==2.6.8
  - missingno==0.3.7
  - networkx==1.11
  - nose==1.3.7
  - prompt-toolkit==1.0.14
  - protobuf==3.3.0
  - pymongo==3.5.0
  - pyyaml==3.12
  - tensorflow-gpu==1.2.1
  - theano==0.9.0
  - werkzeug==0.12.2
  - win-unicode-console==0.5
  - xgboost==0.6
prefix: C:\Continuum\Anaconda3\envs\tf_gpu

